30 100 300
10 8
15 11
11 14
4 1
8 13
14 12
1 4
9 13
5 1
8 8
13 11
2 6
1 2
6 2
3 1
5 5
11 11
2 1
10 14
7 1
10 12
5 6
13 14
11 9
2 5
15 12
15 13
9 8
8 8
4 2
6 3
3 4
5 6
12 11
10 14
15 8
4 3
3 6
5 1
10 13
14 11
14 15
10 10
8 12
1 2
13 11
2 2
1 2
9 10
4 4
2 5
2 1
12 8
7 3
14 8
11 11
8 11
6 7
12 14
14 14
2 6
7 5
12 14
12 10
9 10
13 10
6 3
7 2
14 9
12 8
15 8
2 4
9 8
3 1
8 8
9 12
8 9
11 11
6 1
12 15
10 8
2 4
10 13
9 14
2 4
5 6
5 3
11 15
11 10
4 5
10 11
8 11
7 6
14 12
11 15
4 1
7 1
2 3
7 5
14 11
8 14
8 11
14 9
11 12
13 10
15 10
1 6
7 6
14 13
11 15
3 2
9 10
10 12
1 3
12 13
1 5
1 1
11 8
7 7
4 2
4 5
6 5
14 11
10 15
12 13
13 8
14 15
12 13
8 13
5 5
11 15
2 4
9 13
5 2
3 2
11 12
11 14
9 14
5 3
1 7
4 5
6 7
7 1
14 11
4 1
10 13
6 3
6 3
11 14
9 14
15 13
11 14
8 15
13 9
14 10
6 1
7 2
11 15
9 15
2 6
12 11
7 4
5 3
8 10
8 8
10 14
13 13
13 14
1 4
5 2
9 10
1 5
11 11
12 13
12 13
14 13
13 15
6 4
4 6
5 7
11 13
11 8
7 2
1 5
4 1
8 10
2 5
9 15
6 2
4 3
5 6
2 5
5 4
12 11
7 1
10 12
14 8
9 13
14 13
2 6
10 15
12 12
15 14
4 5
9 8
2 6
13 9
13 8
9 9
14 12
4 6
12 10
1 2
5 3
2 1
9 9
7 4
15 8
12 8
9 11
14 10
13 12
14 11
7 3
5 7
7 7
15 12
8 15
11 8
4 6
14 13
7 2
15 12
15 8
6 2
12 13
3 5
15 12
7 2
5 4
11 15
2 1
12 9
4 1
10 14
4 5
12 8
10 12
4 5
3 5
13 14
1 6
12 14
14 13
4 3
9 12
8 15
9 10
5 1
9 15
7 1
2 2
12 15
9 13
14 15
13 15
2 4
11 11
3 7
7 2
4 3
8 15
11 9
10 15
12 8
13 15
3 7
6 5
9 8
11 15
6 1
6 3
8 13
9 11
9 8
4 2
11 15
8 12
3 2
8 14
4 2
3 5
15 9
3 1
12 11
12 14
7 4
8 8
14 12
11 14
