c
c
c
c
c
60 3600
0 0 0
0 1 39
0 2 96
0 3 66
0 4 75
0 5 86
0 6 33
0 7 89
0 8 87
0 9 87
0 10 9
0 11 84
0 12 70
0 13 40
0 14 27
0 15 69
0 16 40
0 17 86
0 18 9
0 19 40
0 20 72
0 21 16
0 22 89
0 23 45
0 24 15
0 25 9
0 26 69
0 27 76
0 28 78
0 29 93
0 30 9
0 31 48
0 32 13
0 33 46
0 34 76
0 35 64
0 36 25
0 37 7
0 38 99
0 39 44
0 40 68
0 41 52
0 42 86
0 43 23
0 44 25
0 45 63
0 46 83
0 47 72
0 48 30
0 49 74
0 50 98
0 51 66
0 52 19
0 53 94
0 54 14
0 55 6
0 56 15
0 57 89
0 58 45
0 59 17
1 0 39
1 1 0
1 2 63
1 3 10
1 4 43
1 5 95
1 6 52
1 7 69
1 8 76
1 9 16
1 10 12
1 11 95
1 12 77
1 13 54
1 14 50
1 15 60
1 16 62
1 17 29
1 18 23
1 19 65
1 20 80
1 21 1
1 22 75
1 23 88
1 24 59
1 25 41
1 26 33
1 27 79
1 28 82
1 29 77
1 30 86
1 31 24
1 32 37
1 33 7
1 34 42
1 35 72
1 36 97
1 37 85
1 38 58
1 39 79
1 40 6
1 41 79
1 42 39
1 43 34
1 44 18
1 45 94
1 46 65
1 47 11
1 48 32
1 49 15
1 50 41
1 51 43
1 52 13
1 53 51
1 54 61
1 55 59
1 56 53
1 57 92
1 58 9
1 59 23
2 0 81
2 1 35
2 2 0
2 3 79
2 4 48
2 5 28
2 6 76
2 7 74
2 8 34
2 9 30
2 10 29
2 11 23
2 12 78
2 13 43
2 14 82
2 15 83
2 16 85
2 17 17
2 18 27
2 19 51
2 20 4
2 21 4
2 22 64
2 23 62
2 24 20
2 25 23
2 26 52
2 27 16
2 28 14
2 29 25
2 30 26
2 31 35
2 32 53
2 33 32
2 34 63
2 35 39
2 36 15
2 37 81
2 38 5
2 39 46
2 40 75
2 41 33
2 42 1
2 43 68
2 44 67
2 45 26
2 46 26
2 47 17
2 48 28
2 49 45
2 50 12
2 51 34
2 52 65
2 53 42
2 54 41
2 55 95
2 56 91
2 57 94
2 58 20
2 59 20
3 0 98
3 1 53
3 2 7
3 3 0
3 4 96
3 5 99
3 6 46
3 7 7
3 8 10
3 9 26
3 10 70
3 11 20
3 12 79
3 13 53
3 14 12
3 15 15
3 16 22
3 17 60
3 18 58
3 19 6
3 20 62
3 21 64
3 22 25
3 23 22
3 24 1
3 25 87
3 26 67
3 27 53
3 28 90
3 29 22
3 30 20
3 31 95
3 32 43
3 33 96
3 34 79
3 35 3
3 36 91
3 37 67
3 38 90
3 39 91
3 40 85
3 41 19
3 42 87
3 43 49
3 44 78
3 45 86
3 46 32
3 47 94
3 48 44
3 49 31
3 50 18
3 51 76
3 52 50
3 53 91
3 54 90
3 55 4
3 56 23
3 57 20
3 58 87
3 59 33
4 0 93
4 1 11
4 2 88
4 3 90
4 4 0
4 5 66
4 6 6
4 7 98
4 8 77
4 9 73
4 10 74
4 11 52
4 12 16
4 13 36
4 14 65
4 15 94
4 16 28
4 17 31
4 18 30
4 19 1
4 20 2
4 21 26
4 22 77
4 23 95
4 24 92
4 25 81
4 26 21
4 27 75
4 28 26
4 29 99
4 30 68
4 31 46
4 32 44
4 33 61
4 34 3
4 35 98
4 36 78
4 37 23
4 38 4
4 39 4
4 40 39
4 41 89
4 42 87
4 43 61
4 44 52
4 45 61
4 46 45
4 47 45
4 48 53
4 49 32
4 50 25
4 51 24
4 52 4
4 53 24
4 54 1
4 55 65
4 56 32
4 57 13
4 58 72
4 59 17
5 0 28
5 1 62
5 2 42
5 3 95
5 4 32
5 5 0
5 6 76
5 7 82
5 8 70
5 9 12
5 10 91
5 11 1
5 12 50
5 13 85
5 14 41
5 15 17
5 16 90
5 17 14
5 18 40
5 19 86
5 20 77
5 21 22
5 22 91
5 23 59
5 24 71
5 25 40
5 26 41
5 27 45
5 28 10
5 29 89
5 30 87
5 31 37
5 32 54
5 33 88
5 34 32
5 35 7
5 36 44
5 37 26
5 38 1
5 39 64
5 40 96
5 41 1
5 42 63
5 43 43
5 44 59
5 45 5
5 46 31
5 47 21
5 48 44
5 49 65
5 50 65
5 51 6
5 52 82
5 53 42
5 54 11
5 55 81
5 56 99
5 57 86
5 58 67
5 59 38
6 0 11
6 1 68
6 2 14
6 3 28
6 4 27
6 5 93
6 6 0
6 7 37
6 8 86
6 9 46
6 10 75
6 11 19
6 12 37
6 13 11
6 14 84
6 15 4
6 16 11
6 17 83
6 18 85
6 19 97
6 20 98
6 21 70
6 22 64
6 23 55
6 24 22
6 25 14
6 26 7
6 27 73
6 28 83
6 29 61
6 30 59
6 31 49
6 32 53
6 33 11
6 34 28
6 35 54
6 36 65
6 37 31
6 38 12
6 39 36
6 40 80
6 41 78
6 42 19
6 43 13
6 44 54
6 45 85
6 46 19
6 47 68
6 48 52
6 49 7
6 50 75
6 51 20
6 52 98
6 53 69
6 54 92
6 55 92
6 56 51
6 57 43
6 58 35
6 59 42
7 0 82
7 1 65
7 2 53
7 3 81
7 4 48
7 5 77
7 6 69
7 7 0
7 8 60
7 9 59
7 10 84
7 11 82
7 12 70
7 13 15
7 14 81
7 15 97
7 16 70
7 17 82
7 18 74
7 19 27
7 20 7
7 21 49
7 22 49
7 23 52
7 24 88
7 25 70
7 26 34
7 27 35
7 28 65
7 29 16
7 30 5
7 31 17
7 32 34
7 33 93
7 34 95
7 35 87
7 36 75
7 37 16
7 38 31
7 39 49
7 40 89
7 41 61
7 42 60
7 43 11
7 44 92
7 45 8
7 46 80
7 47 44
7 48 99
7 49 64
7 50 15
7 51 91
7 52 39
7 53 48
7 54 67
7 55 31
7 56 58
7 57 24
7 58 45
7 59 53
8 0 62
8 1 8
8 2 23
8 3 32
8 4 48
8 5 6
8 6 6
8 7 73
8 8 0
8 9 90
8 10 38
8 11 85
8 12 49
8 13 22
8 14 54
8 15 91
8 16 96
8 17 74
8 18 91
8 19 53
8 20 10
8 21 26
8 22 67
8 23 41
8 24 66
8 25 99
8 26 97
8 27 77
8 28 80
8 29 12
8 30 51
8 31 55
8 32 77
8 33 43
8 34 69
8 35 47
8 36 56
8 37 48
8 38 25
8 39 21
8 40 51
8 41 83
8 42 24
8 43 69
8 44 38
8 45 40
8 46 55
8 47 38
8 48 57
8 49 38
8 50 11
8 51 24
8 52 11
8 53 72
8 54 38
8 55 72
8 56 45
8 57 9
8 58 45
8 59 32
9 0 39
9 1 43
9 2 54
9 3 30
9 4 47
9 5 35
9 6 80
9 7 35
9 8 89
9 9 0
9 10 71
9 11 24
9 12 62
9 13 69
9 14 19
9 15 62
9 16 60
9 17 71
9 18 68
9 19 9
9 20 32
9 21 43
9 22 74
9 23 89
9 24 44
9 25 27
9 26 22
9 27 61
9 28 6
9 29 74
9 30 36
9 31 54
9 32 25
9 33 18
9 34 26
9 35 86
9 36 54
9 37 29
9 38 59
9 39 66
9 40 96
9 41 17
9 42 46
9 43 92
9 44 93
9 45 33
9 46 70
9 47 31
9 48 83
9 49 48
9 50 90
9 51 55
9 52 79
9 53 12
9 54 59
9 55 12
9 56 10
9 57 76
9 58 45
9 59 58
10 0 6
10 1 20
10 2 39
10 3 97
10 4 22
10 5 91
10 6 10
10 7 45
10 8 48
10 9 11
10 10 0
10 11 66
10 12 14
10 13 2
10 14 38
10 15 58
10 16 16
10 17 22
10 18 13
10 19 26
10 20 90
10 21 75
10 22 92
10 23 74
10 24 44
10 25 42
10 26 27
10 27 56
10 28 79
10 29 66
10 30 23
10 31 74
10 32 38
10 33 12
10 34 26
10 35 27
10 36 2
10 37 99
10 38 51
10 39 59
10 40 70
10 41 93
10 42 13
10 43 45
10 44 69
10 45 1
10 46 92
10 47 38
10 48 91
10 49 31
10 50 51
10 51 79
10 52 29
10 53 33
10 54 12
10 55 15
10 56 74
10 57 22
10 58 69
10 59 13
11 0 4
11 1 51
11 2 77
11 3 82
11 4 82
11 5 61
11 6 69
11 7 60
11 8 86
11 9 63
11 10 61
11 11 0
11 12 7
11 13 90
11 14 72
11 15 16
11 16 13
11 17 48
11 18 11
11 19 59
11 20 93
11 21 49
11 22 64
11 23 39
11 24 91
11 25 29
11 26 74
11 27 58
11 28 3
11 29 45
11 30 48
11 31 65
11 32 15
11 33 2
11 34 29
11 35 21
11 36 79
11 37 45
11 38 81
11 39 31
11 40 27
11 41 8
11 42 96
11 43 16
11 44 86
11 45 90
11 46 8
11 47 51
11 48 30
11 49 66
11 50 64
11 51 38
11 52 37
11 53 23
11 54 35
11 55 44
11 56 99
11 57 78
11 58 26
11 59 64
12 0 61
12 1 30
12 2 63
12 3 98
12 4 97
12 5 16
12 6 77
12 7 85
12 8 11
12 9 93
12 10 61
12 11 77
12 12 0
12 13 62
12 14 77
12 15 49
12 16 51
12 17 3
12 18 30
12 19 21
12 20 7
12 21 15
12 22 43
12 23 42
12 24 35
12 25 22
12 26 82
12 27 14
12 28 54
12 29 50
12 30 60
12 31 82
12 32 54
12 33 94
12 34 59
12 35 30
12 36 97
12 37 45
12 38 48
12 39 36
12 40 56
12 41 6
12 42 57
12 43 32
12 44 71
12 45 89
12 46 3
12 47 69
12 48 48
12 49 59
12 50 38
12 51 79
12 52 8
12 53 57
12 54 94
12 55 49
12 56 64
12 57 24
12 58 81
12 59 67
13 0 64
13 1 44
13 2 54
13 3 95
13 4 23
13 5 35
13 6 83
13 7 93
13 8 85
13 9 55
13 10 65
13 11 78
13 12 54
13 13 0
13 14 20
13 15 75
13 16 15
13 17 49
13 18 24
13 19 62
13 20 95
13 21 77
13 22 73
13 23 28
13 24 47
13 25 49
13 26 91
13 27 84
13 28 42
13 29 54
13 30 92
13 31 9
13 32 18
13 33 12
13 34 53
13 35 42
13 36 50
13 37 93
13 38 33
13 39 15
13 40 91
13 41 7
13 42 3
13 43 82
13 44 50
13 45 25
13 46 53
13 47 94
13 48 58
13 49 5
13 50 5
13 51 61
13 52 14
13 53 9
13 54 21
13 55 48
13 56 17
13 57 60
13 58 99
13 59 64
14 0 18
14 1 58
14 2 33
14 3 9
14 4 45
14 5 56
14 6 87
14 7 81
14 8 30
14 9 86
14 10 61
14 11 46
14 12 79
14 13 55
14 14 0
14 15 14
14 16 84
14 17 98
14 18 63
14 19 94
14 20 32
14 21 83
14 22 21
14 23 60
14 24 46
14 25 20
14 26 11
14 27 36
14 28 54
14 29 39
14 30 84
14 31 69
14 32 48
14 33 11
14 34 10
14 35 17
14 36 88
14 37 99
14 38 57
14 39 44
14 40 46
14 41 4
14 42 16
14 43 54
14 44 74
14 45 2
14 46 41
14 47 45
14 48 79
14 49 37
14 50 23
14 51 10
14 52 27
14 53 44
14 54 77
14 55 69
14 56 9
14 57 73
14 58 73
14 59 19
15 0 3
15 1 88
15 2 1
15 3 78
15 4 21
15 5 32
15 6 20
15 7 56
15 8 16
15 9 33
15 10 80
15 11 54
15 12 30
15 13 24
15 14 15
15 15 0
15 16 31
15 17 24
15 18 48
15 19 5
15 20 26
15 21 54
15 22 52
15 23 95
15 24 35
15 25 52
15 26 87
15 27 18
15 28 71
15 29 58
15 30 45
15 31 51
15 32 22
15 33 81
15 34 54
15 35 27
15 36 67
15 37 79
15 38 12
15 39 61
15 40 12
15 41 94
15 42 50
15 43 58
15 44 87
15 45 90
15 46 98
15 47 89
15 48 96
15 49 82
15 50 42
15 51 39
15 52 35
15 53 55
15 54 38
15 55 30
15 56 42
15 57 5
15 58 68
15 59 14
16 0 45
16 1 73
16 2 30
16 3 43
16 4 27
16 5 73
16 6 2
16 7 89
16 8 24
16 9 89
16 10 37
16 11 70
16 12 92
16 13 40
16 14 12
16 15 55
16 16 0
16 17 60
16 18 92
16 19 82
16 20 75
16 21 35
16 22 80
16 23 24
16 24 26
16 25 10
16 26 35
16 27 62
16 28 85
16 29 84
16 30 41
16 31 5
16 32 81
16 33 5
16 34 46
16 35 46
16 36 6
16 37 37
16 38 59
16 39 53
16 40 80
16 41 84
16 42 34
16 43 72
16 44 90
16 45 58
16 46 73
16 47 18
16 48 65
16 49 45
16 50 13
16 51 62
16 52 56
16 53 28
16 54 49
16 55 29
16 56 41
16 57 62
16 58 5
16 59 48
17 0 58
17 1 46
17 2 58
17 3 6
17 4 65
17 5 87
17 6 87
17 7 44
17 8 36
17 9 75
17 10 92
17 11 5
17 12 21
17 13 89
17 14 52
17 15 63
17 16 17
17 17 0
17 18 97
17 19 39
17 20 89
17 21 28
17 22 11
17 23 42
17 24 28
17 25 25
17 26 96
17 27 88
17 28 72
17 29 38
17 30 36
17 31 80
17 32 76
17 33 99
17 34 70
17 35 63
17 36 19
17 37 81
17 38 53
17 39 79
17 40 51
17 41 57
17 42 98
17 43 58
17 44 98
17 45 49
17 46 79
17 47 85
17 48 54
17 49 16
17 50 6
17 51 59
17 52 73
17 53 66
17 54 37
17 55 10
17 56 70
17 57 7
17 58 29
17 59 86
18 0 81
18 1 40
18 2 18
18 3 84
18 4 28
18 5 45
18 6 65
18 7 6
18 8 23
18 9 34
18 10 8
18 11 22
18 12 96
18 13 88
18 14 81
18 15 87
18 16 98
18 17 72
18 18 0
18 19 49
18 20 60
18 21 38
18 22 30
18 23 8
18 24 78
18 25 45
18 26 17
18 27 39
18 28 96
18 29 19
18 30 44
18 31 97
18 32 63
18 33 84
18 34 51
18 35 28
18 36 8
18 37 15
18 38 17
18 39 89
18 40 42
18 41 88
18 42 16
18 43 96
18 44 27
18 45 42
18 46 75
18 47 1
18 48 9
18 49 53
18 50 2
18 51 93
18 52 62
18 53 11
18 54 10
18 55 15
18 56 9
18 57 84
18 58 9
18 59 25
19 0 38
19 1 8
19 2 63
19 3 82
19 4 51
19 5 94
19 6 71
19 7 42
19 8 51
19 9 48
19 10 89
19 11 49
19 12 18
19 13 69
19 14 33
19 15 6
19 16 55
19 17 37
19 18 26
19 19 0
19 20 99
19 21 8
19 22 42
19 23 94
19 24 54
19 25 54
19 26 32
19 27 98
19 28 14
19 29 17
19 30 73
19 31 58
19 32 1
19 33 70
19 34 39
19 35 7
19 36 25
19 37 7
19 38 85
19 39 17
19 40 41
19 41 39
19 42 23
19 43 83
19 44 16
19 45 40
19 46 76
19 47 39
19 48 52
19 49 1
19 50 19
19 51 62
19 52 38
19 53 21
19 54 89
19 55 7
19 56 57
19 57 7
19 58 55
19 59 64
20 0 45
20 1 14
20 2 15
20 3 23
20 4 2
20 5 54
20 6 37
20 7 55
20 8 12
20 9 81
20 10 62
20 11 7
20 12 97
20 13 74
20 14 20
20 15 96
20 16 89
20 17 38
20 18 63
20 19 6
20 20 0
20 21 65
20 22 18
20 23 45
20 24 62
20 25 71
20 26 32
20 27 39
20 28 67
20 29 69
20 30 81
20 31 62
20 32 44
20 33 29
20 34 80
20 35 68
20 36 82
20 37 75
20 38 32
20 39 6
20 40 97
20 41 24
20 42 43
20 43 88
20 44 11
20 45 39
20 46 92
20 47 52
20 48 69
20 49 52
20 50 54
20 51 80
20 52 92
20 53 28
20 54 51
20 55 46
20 56 42
20 57 90
20 58 22
20 59 68
21 0 66
21 1 31
21 2 43
21 3 37
21 4 46
21 5 3
21 6 87
21 7 35
21 8 90
21 9 71
21 10 84
21 11 69
21 12 23
21 13 2
21 14 10
21 15 97
21 16 87
21 17 4
21 18 94
21 19 23
21 20 6
21 21 0
21 22 40
21 23 66
21 24 80
21 25 4
21 26 53
21 27 90
21 28 80
21 29 37
21 30 45
21 31 93
21 32 37
21 33 44
21 34 98
21 35 27
21 36 7
21 37 87
21 38 26
21 39 75
21 40 2
21 41 57
21 42 22
21 43 8
21 44 59
21 45 81
21 46 78
21 47 49
21 48 63
21 49 83
21 50 83
21 51 14
21 52 56
21 53 65
21 54 56
21 55 37
21 56 84
21 57 76
21 58 68
21 59 35
22 0 53
22 1 11
22 2 8
22 3 98
22 4 27
22 5 37
22 6 98
22 7 50
22 8 31
22 9 11
22 10 99
22 11 12
22 12 96
22 13 72
22 14 84
22 15 27
22 16 23
22 17 99
22 18 34
22 19 58
22 20 3
22 21 35
22 22 0
22 23 95
22 24 66
22 25 80
22 26 58
22 27 58
22 28 9
22 29 60
22 30 87
22 31 11
22 32 83
22 33 50
22 34 30
22 35 43
22 36 59
22 37 39
22 38 10
22 39 89
22 40 50
22 41 66
22 42 40
22 43 73
22 44 46
22 45 14
22 46 90
22 47 82
22 48 66
22 49 50
22 50 13
22 51 90
22 52 50
22 53 31
22 54 65
22 55 76
22 56 64
22 57 41
22 58 25
22 59 74
23 0 45
23 1 43
23 2 23
23 3 17
23 4 62
23 5 65
23 6 69
23 7 73
23 8 87
23 9 79
23 10 72
23 11 38
23 12 82
23 13 10
23 14 36
23 15 46
23 16 28
23 17 55
23 18 30
23 19 32
23 20 15
23 21 89
23 22 82
23 23 0
23 24 57
23 25 76
23 26 53
23 27 61
23 28 89
23 29 2
23 30 16
23 31 88
23 32 70
23 33 51
23 34 55
23 35 10
23 36 85
23 37 93
23 38 51
23 39 58
23 40 90
23 41 89
23 42 68
23 43 98
23 44 92
23 45 37
23 46 54
23 47 74
23 48 74
23 49 10
23 50 23
23 51 92
23 52 7
23 53 18
23 54 36
23 55 7
23 56 97
23 57 5
23 58 53
23 59 37
24 0 32
24 1 76
24 2 11
24 3 89
24 4 68
24 5 49
24 6 83
24 7 65
24 8 86
24 9 87
24 10 11
24 11 32
24 12 27
24 13 13
24 14 52
24 15 16
24 16 94
24 17 79
24 18 2
24 19 61
24 20 94
24 21 75
24 22 1
24 23 6
24 24 0
24 25 85
24 26 70
24 27 39
24 28 45
24 29 98
24 30 4
24 31 87
24 32 22
24 33 34
24 34 20
24 35 42
24 36 85
24 37 11
24 38 8
24 39 39
24 40 92
24 41 49
24 42 82
24 43 3
24 44 68
24 45 1
24 46 37
24 47 43
24 48 26
24 49 90
24 50 51
24 51 27
24 52 20
24 53 2
24 54 14
24 55 77
24 56 10
24 57 25
24 58 95
24 59 80
25 0 62
25 1 86
25 2 27
25 3 43
25 4 15
25 5 28
25 6 21
25 7 60
25 8 99
25 9 56
25 10 29
25 11 5
25 12 46
25 13 42
25 14 95
25 15 25
25 16 69
25 17 67
25 18 52
25 19 21
25 20 88
25 21 24
25 22 78
25 23 94
25 24 1
25 25 0
25 26 7
25 27 59
25 28 84
25 29 10
25 30 35
25 31 8
25 32 59
25 33 33
25 34 63
25 35 44
25 36 56
25 37 92
25 38 56
25 39 5
25 40 54
25 41 14
25 42 36
25 43 80
25 44 88
25 45 53
25 46 69
25 47 26
25 48 48
25 49 8
25 50 14
25 51 97
25 52 26
25 53 13
25 54 66
25 55 71
25 56 66
25 57 85
25 58 45
25 59 16
26 0 99
26 1 81
26 2 68
26 3 74
26 4 69
26 5 79
26 6 49
26 7 19
26 8 80
26 9 78
26 10 43
26 11 78
26 12 7
26 13 59
26 14 4
26 15 4
26 16 83
26 17 43
26 18 19
26 19 94
26 20 80
26 21 35
26 22 68
26 23 48
26 24 14
26 25 95
26 26 0
26 27 49
26 28 17
26 29 70
26 30 41
26 31 64
26 32 26
26 33 87
26 34 72
26 35 55
26 36 2
26 37 27
26 38 47
26 39 72
26 40 20
26 41 80
26 42 43
26 43 77
26 44 4
26 45 58
26 46 68
26 47 50
26 48 52
26 49 29
26 50 94
26 51 1
26 52 96
26 53 17
26 54 33
26 55 24
26 56 90
26 57 42
26 58 52
26 59 62
27 0 76
27 1 59
27 2 74
27 3 3
27 4 80
27 5 25
27 6 43
27 7 13
27 8 75
27 9 14
27 10 93
27 11 78
27 12 53
27 13 70
27 14 19
27 15 8
27 16 80
27 17 99
27 18 82
27 19 18
27 20 4
27 21 6
27 22 76
27 23 49
27 24 61
27 25 78
27 26 85
27 27 0
27 28 2
27 29 64
27 30 18
27 31 4
27 32 27
27 33 87
27 34 40
27 35 85
27 36 85
27 37 28
27 38 72
27 39 35
27 40 2
27 41 67
27 42 13
27 43 37
27 44 44
27 45 29
27 46 69
27 47 3
27 48 4
27 49 98
27 50 31
27 51 58
27 52 71
27 53 16
27 54 59
27 55 93
27 56 11
27 57 18
27 58 23
27 59 7
28 0 2
28 1 63
28 2 83
28 3 5
28 4 25
28 5 85
28 6 36
28 7 66
28 8 26
28 9 41
28 10 50
28 11 62
28 12 63
28 13 49
28 14 85
28 15 60
28 16 19
28 17 29
28 18 42
28 19 67
28 20 1
28 21 57
28 22 89
28 23 69
28 24 62
28 25 4
28 26 29
28 27 28
28 28 0
28 29 57
28 30 90
28 31 1
28 32 50
28 33 88
28 34 52
28 35 82
28 36 31
28 37 53
28 38 37
28 39 63
28 40 89
28 41 59
28 42 29
28 43 49
28 44 3
28 45 34
28 46 88
28 47 25
28 48 43
28 49 66
28 50 17
28 51 28
28 52 55
28 53 99
28 54 42
28 55 21
28 56 51
28 57 21
28 58 24
28 59 96
29 0 22
29 1 1
29 2 88
29 3 92
29 4 62
29 5 65
29 6 65
29 7 54
29 8 57
29 9 82
29 10 51
29 11 81
29 12 73
29 13 29
29 14 54
29 15 27
29 16 60
29 17 68
29 18 99
29 19 67
29 20 52
29 21 80
29 22 46
29 23 44
29 24 51
29 25 35
29 26 56
29 27 50
29 28 33
29 29 0
29 30 57
29 31 79
29 32 5
29 33 70
29 34 86
29 35 90
29 36 24
29 37 77
29 38 94
29 39 64
29 40 28
29 41 53
29 42 75
29 43 92
29 44 21
29 45 16
29 46 59
29 47 14
29 48 57
29 49 48
29 50 74
29 51 32
29 52 46
29 53 16
29 54 79
29 55 89
29 56 7
29 57 51
29 58 75
29 59 48
30 0 1
30 1 83
30 2 65
30 3 5
30 4 80
30 5 99
30 6 22
30 7 68
30 8 62
30 9 82
30 10 64
30 11 99
30 12 86
30 13 42
30 14 95
30 15 22
30 16 44
30 17 14
30 18 82
30 19 54
30 20 56
30 21 86
30 22 83
30 23 75
30 24 44
30 25 12
30 26 88
30 27 51
30 28 82
30 29 41
30 30 0
30 31 90
30 32 47
30 33 83
30 34 72
30 35 94
30 36 30
30 37 87
30 38 90
30 39 60
30 40 30
30 41 88
30 42 86
30 43 90
30 44 77
30 45 15
30 46 78
30 47 30
30 48 64
30 49 93
30 50 64
30 51 83
30 52 77
30 53 68
30 54 64
30 55 51
30 56 10
30 57 57
30 58 30
30 59 88
31 0 71
31 1 62
31 2 53
31 3 72
31 4 26
31 5 72
31 6 69
31 7 95
31 8 93
31 9 71
31 10 18
31 11 40
31 12 16
31 13 39
31 14 24
31 15 13
31 16 14
31 17 26
31 18 36
31 19 65
31 20 74
31 21 2
31 22 65
31 23 7
31 24 45
31 25 58
31 26 74
31 27 97
31 28 14
31 29 94
31 30 13
31 31 0
31 32 18
31 33 51
31 34 80
31 35 75
31 36 39
31 37 11
31 38 61
31 39 66
31 40 44
31 41 7
31 42 71
31 43 1
31 44 83
31 45 72
31 46 77
31 47 55
31 48 96
31 49 43
31 50 41
31 51 19
31 52 42
31 53 66
31 54 6
31 55 68
31 56 22
31 57 29
31 58 53
31 59 79
32 0 79
32 1 76
32 2 64
32 3 27
32 4 10
32 5 69
32 6 15
32 7 16
32 8 36
32 9 65
32 10 21
32 11 83
32 12 26
32 13 52
32 14 36
32 15 61
32 16 67
32 17 58
32 18 28
32 19 21
32 20 90
32 21 46
32 22 47
32 23 5
32 24 4
32 25 41
32 26 93
32 27 3
32 28 60
32 29 59
32 30 76
32 31 86
32 32 0
32 33 47
32 34 57
32 35 14
32 36 25
32 37 48
32 38 5
32 39 25
32 40 73
32 41 44
32 42 44
32 43 55
32 44 23
32 45 86
32 46 99
32 47 23
32 48 43
32 49 76
32 50 33
32 51 58
32 52 89
32 53 17
32 54 52
32 55 75
32 56 64
32 57 61
32 58 69
32 59 22
33 0 85
33 1 40
33 2 34
33 3 61
33 4 27
33 5 3
33 6 22
33 7 61
33 8 25
33 9 8
33 10 5
33 11 43
33 12 44
33 13 8
33 14 95
33 15 85
33 16 39
33 17 7
33 18 61
33 19 87
33 20 17
33 21 18
33 22 11
33 23 26
33 24 53
33 25 30
33 26 58
33 27 6
33 28 29
33 29 97
33 30 47
33 31 17
33 32 70
33 33 0
33 34 43
33 35 74
33 36 86
33 37 13
33 38 68
33 39 80
33 40 99
33 41 91
33 42 77
33 43 74
33 44 23
33 45 71
33 46 39
33 47 95
33 48 19
33 49 93
33 50 92
33 51 1
33 52 56
33 53 29
33 54 53
33 55 3
33 56 68
33 57 39
33 58 38
33 59 82
34 0 48
34 1 50
34 2 57
34 3 14
34 4 11
34 5 26
34 6 59
34 7 68
34 8 23
34 9 96
34 10 12
34 11 50
34 12 3
34 13 92
34 14 37
34 15 74
34 16 42
34 17 60
34 18 3
34 19 73
34 20 55
34 21 15
34 22 36
34 23 79
34 24 53
34 25 27
34 26 45
34 27 38
34 28 96
34 29 45
34 30 58
34 31 63
34 32 69
34 33 70
34 34 0
34 35 62
34 36 79
34 37 28
34 38 27
34 39 66
34 40 36
34 41 71
34 42 6
34 43 8
34 44 21
34 45 5
34 46 88
34 47 8
34 48 79
34 49 47
34 50 53
34 51 28
34 52 8
34 53 91
34 54 39
34 55 67
34 56 70
34 57 54
34 58 9
34 59 76
35 0 4
35 1 51
35 2 98
35 3 54
35 4 15
35 5 48
35 6 34
35 7 6
35 8 5
35 9 83
35 10 16
35 11 20
35 12 60
35 13 52
35 14 1
35 15 36
35 16 13
35 17 96
35 18 9
35 19 4
35 20 15
35 21 70
35 22 85
35 23 30
35 24 60
35 25 11
35 26 27
35 27 47
35 28 61
35 29 96
35 30 53
35 31 24
35 32 27
35 33 81
35 34 74
35 35 0
35 36 20
35 37 63
35 38 40
35 39 47
35 40 70
35 41 22
35 42 93
35 43 23
35 44 91
35 45 39
35 46 20
35 47 18
35 48 49
35 49 17
35 50 81
35 51 98
35 52 86
35 53 25
35 54 27
35 55 54
35 56 88
35 57 31
35 58 77
35 59 96
36 0 61
36 1 86
36 2 82
36 3 18
36 4 20
36 5 3
36 6 31
36 7 84
36 8 51
36 9 91
36 10 98
36 11 38
36 12 23
36 13 25
36 14 70
36 15 2
36 16 79
36 17 17
36 18 38
36 19 35
36 20 78
36 21 88
36 22 32
36 23 11
36 24 80
36 25 63
36 26 86
36 27 75
36 28 80
36 29 46
36 30 2
36 31 92
36 32 14
36 33 70
36 34 64
36 35 25
36 36 0
36 37 36
36 38 51
36 39 79
36 40 58
36 41 86
36 42 48
36 43 56
36 44 36
36 45 44
36 46 54
36 47 75
36 48 57
36 49 60
36 50 30
36 51 18
36 52 18
36 53 7
36 54 70
36 55 63
36 56 82
36 57 39
36 58 43
36 59 29
37 0 77
37 1 11
37 2 88
37 3 96
37 4 33
37 5 99
37 6 85
37 7 62
37 8 59
37 9 94
37 10 36
37 11 59
37 12 41
37 13 74
37 14 99
37 15 97
37 16 41
37 17 79
37 18 1
37 19 25
37 20 63
37 21 17
37 22 79
37 23 86
37 24 27
37 25 31
37 26 42
37 27 36
37 28 79
37 29 34
37 30 6
37 31 60
37 32 60
37 33 38
37 34 2
37 35 14
37 36 11
37 37 0
37 38 83
37 39 19
37 40 96
37 41 73
37 42 10
37 43 6
37 44 47
37 45 48
37 46 95
37 47 84
37 48 29
37 49 55
37 50 36
37 51 63
37 52 1
37 53 7
37 54 23
37 55 87
37 56 26
37 57 44
37 58 78
37 59 81
38 0 75
38 1 61
38 2 95
38 3 84
38 4 35
38 5 76
38 6 51
38 7 41
38 8 44
38 9 62
38 10 39
38 11 40
38 12 35
38 13 65
38 14 44
38 15 54
38 16 63
38 17 61
38 18 52
38 19 29
38 20 4
38 21 86
38 22 44
38 23 51
38 24 94
38 25 14
38 26 45
38 27 68
38 28 34
38 29 73
38 30 98
38 31 54
38 32 45
38 33 23
38 34 21
38 35 26
38 36 58
38 37 45
38 38 0
38 39 25
38 40 83
38 41 3
38 42 77
38 43 36
38 44 26
38 45 44
38 46 80
38 47 15
38 48 3
38 49 21
38 50 83
38 51 82
38 52 46
38 53 38
38 54 62
38 55 50
38 56 81
38 57 20
38 58 21
38 59 45
39 0 65
39 1 25
39 2 42
39 3 14
39 4 8
39 5 98
39 6 96
39 7 67
39 8 10
39 9 62
39 10 56
39 11 64
39 12 36
39 13 70
39 14 92
39 15 42
39 16 18
39 17 41
39 18 27
39 19 72
39 20 32
39 21 93
39 22 76
39 23 58
39 24 24
39 25 17
39 26 36
39 27 82
39 28 53
39 29 70
39 30 68
39 31 40
39 32 53
39 33 80
39 34 70
39 35 25
39 36 61
39 37 90
39 38 8
39 39 0
39 40 65
39 41 43
39 42 39
39 43 5
39 44 99
39 45 79
39 46 80
39 47 69
39 48 96
39 49 27
39 50 59
39 51 87
39 52 83
39 53 60
39 54 48
39 55 33
39 56 4
39 57 93
39 58 84
39 59 26
40 0 10
40 1 26
40 2 65
40 3 72
40 4 53
40 5 31
40 6 54
40 7 32
40 8 2
40 9 29
40 10 45
40 11 8
40 12 85
40 13 33
40 14 83
40 15 93
40 16 47
40 17 30
40 18 76
40 19 25
40 20 60
40 21 96
40 22 29
40 23 80
40 24 83
40 25 80
40 26 87
40 27 77
40 28 81
40 29 47
40 30 58
40 31 82
40 32 2
40 33 98
40 34 59
40 35 27
40 36 16
40 37 69
40 38 24
40 39 96
40 40 0
40 41 6
40 42 54
40 43 68
40 44 65
40 45 1
40 46 20
40 47 13
40 48 22
40 49 77
40 50 57
40 51 55
40 52 55
40 53 51
40 54 8
40 55 73
40 56 87
40 57 60
40 58 32
40 59 61
41 0 95
41 1 70
41 2 90
41 3 53
41 4 57
41 5 96
41 6 28
41 7 81
41 8 76
41 9 79
41 10 91
41 11 97
41 12 68
41 13 72
41 14 45
41 15 45
41 16 8
41 17 74
41 18 74
41 19 39
41 20 91
41 21 77
41 22 70
41 23 56
41 24 41
41 25 34
41 26 71
41 27 25
41 28 35
41 29 55
41 30 46
41 31 18
41 32 16
41 33 21
41 34 88
41 35 34
41 36 15
41 37 64
41 38 88
41 39 13
41 40 1
41 41 0
41 42 5
41 43 58
41 44 9
41 45 66
41 46 53
41 47 41
41 48 66
41 49 98
41 50 87
41 51 65
41 52 51
41 53 37
41 54 78
41 55 5
41 56 98
41 57 41
41 58 17
41 59 84
42 0 46
42 1 24
42 2 60
42 3 46
42 4 90
42 5 28
42 6 6
42 7 41
42 8 53
42 9 46
42 10 14
42 11 83
42 12 64
42 13 53
42 14 46
42 15 63
42 16 79
42 17 10
42 18 70
42 19 51
42 20 27
42 21 20
42 22 38
42 23 28
42 24 19
42 25 2
42 26 14
42 27 98
42 28 35
42 29 67
42 30 37
42 31 14
42 32 96
42 33 81
42 34 20
42 35 4
42 36 39
42 37 32
42 38 89
42 39 96
42 40 86
42 41 75
42 42 0
42 43 20
42 44 35
42 45 43
42 46 66
42 47 17
42 48 26
42 49 98
42 50 98
42 51 35
42 52 66
42 53 8
42 54 54
42 55 11
42 56 5
42 57 16
42 58 54
42 59 26
43 0 87
43 1 64
43 2 86
43 3 64
43 4 10
43 5 94
43 6 31
43 7 2
43 8 70
43 9 75
43 10 94
43 11 27
43 12 61
43 13 13
43 14 63
43 15 63
43 16 49
43 17 10
43 18 53
43 19 90
43 20 1
43 21 85
43 22 54
43 23 61
43 24 86
43 25 71
43 26 19
43 27 33
43 28 99
43 29 7
43 30 4
43 31 81
43 32 19
43 33 83
43 34 4
43 35 25
43 36 38
43 37 59
43 38 17
43 39 39
43 40 64
43 41 77
43 42 3
43 43 0
43 44 51
43 45 58
43 46 10
43 47 40
43 48 13
43 49 23
43 50 97
43 51 36
43 52 7
43 53 91
43 54 45
43 55 28
43 56 89
43 57 79
43 58 85
43 59 37
44 0 58
44 1 33
44 2 2
44 3 67
44 4 64
44 5 33
44 6 16
44 7 2
44 8 41
44 9 23
44 10 92
44 11 67
44 12 81
44 13 23
44 14 69
44 15 47
44 16 97
44 17 69
44 18 38
44 19 81
44 20 13
44 21 70
44 22 42
44 23 98
44 24 74
44 25 26
44 26 43
44 27 82
44 28 5
44 29 16
44 30 54
44 31 7
44 32 3
44 33 96
44 34 82
44 35 93
44 36 76
44 37 91
44 38 91
44 39 95
44 40 36
44 41 45
44 42 51
44 43 34
44 44 0
44 45 71
44 46 70
44 47 75
44 48 98
44 49 33
44 50 62
44 51 82
44 52 56
44 53 26
44 54 58
44 55 38
44 56 52
44 57 26
44 58 21
44 59 39
45 0 4
45 1 90
45 2 78
45 3 70
45 4 87
45 5 23
45 6 77
45 7 96
45 8 92
45 9 64
45 10 58
45 11 44
45 12 34
45 13 49
45 14 72
45 15 62
45 16 35
45 17 18
45 18 95
45 19 58
45 20 94
45 21 44
45 22 78
45 23 4
45 24 43
45 25 43
45 26 45
45 27 89
45 28 54
45 29 59
45 30 55
45 31 79
45 32 60
45 33 51
45 34 41
45 35 27
45 36 48
45 37 8
45 38 35
45 39 29
45 40 65
45 41 38
45 42 20
45 43 63
45 44 40
45 45 0
45 46 79
45 47 94
45 48 54
45 49 71
45 50 53
45 51 43
45 52 50
45 53 50
45 54 76
45 55 43
45 56 82
45 57 25
45 58 81
45 59 63
46 0 87
46 1 93
46 2 85
46 3 60
46 4 63
46 5 51
46 6 45
46 7 71
46 8 70
46 9 75
46 10 75
46 11 77
46 12 39
46 13 64
46 14 63
46 15 2
46 16 16
46 17 32
46 18 6
46 19 2
46 20 17
46 21 48
46 22 85
46 23 22
46 24 37
46 25 9
46 26 90
46 27 36
46 28 88
46 29 4
46 30 50
46 31 70
46 32 23
46 33 2
46 34 76
46 35 28
46 36 11
46 37 17
46 38 75
46 39 5
46 40 27
46 41 25
46 42 12
46 43 60
46 44 65
46 45 67
46 46 0
46 47 77
46 48 39
46 49 99
46 50 9
46 51 40
46 52 40
46 53 47
46 54 19
46 55 19
46 56 33
46 57 40
46 58 14
46 59 81
47 0 8
47 1 22
47 2 95
47 3 76
47 4 1
47 5 32
47 6 99
47 7 9
47 8 25
47 9 5
47 10 17
47 11 83
47 12 92
47 13 29
47 14 23
47 15 34
47 16 85
47 17 56
47 18 17
47 19 54
47 20 96
47 21 86
47 22 32
47 23 19
47 24 9
47 25 77
47 26 39
47 27 19
47 28 68
47 29 42
47 30 22
47 31 36
47 32 33
47 33 29
47 34 12
47 35 3
47 36 12
47 37 40
47 38 92
47 39 5
47 40 16
47 41 80
47 42 90
47 43 78
47 44 71
47 45 89
47 46 97
47 47 0
47 48 20
47 49 17
47 50 82
47 51 29
47 52 76
47 53 83
47 54 48
47 55 34
47 56 45
47 57 29
47 58 11
47 59 78
48 0 66
48 1 58
48 2 9
48 3 95
48 4 52
48 5 49
48 6 54
48 7 89
48 8 17
48 9 44
48 10 84
48 11 5
48 12 53
48 13 88
48 14 59
48 15 24
48 16 92
48 17 2
48 18 41
48 19 52
48 20 61
48 21 22
48 22 87
48 23 12
48 24 29
48 25 44
48 26 35
48 27 40
48 28 49
48 29 7
48 30 41
48 31 13
48 32 21
48 33 45
48 34 75
48 35 93
48 36 55
48 37 23
48 38 79
48 39 44
48 40 31
48 41 93
48 42 59
48 43 62
48 44 35
48 45 77
48 46 48
48 47 67
48 48 0
48 49 38
48 50 58
48 51 41
48 52 53
48 53 25
48 54 36
48 55 72
48 56 66
48 57 88
48 58 47
48 59 87
49 0 97
49 1 22
49 2 1
49 3 95
49 4 95
49 5 45
49 6 23
49 7 20
49 8 68
49 9 56
49 10 22
49 11 10
49 12 99
49 13 92
49 14 11
49 15 26
49 16 63
49 17 40
49 18 57
49 19 9
49 20 94
49 21 98
49 22 78
49 23 31
49 24 69
49 25 90
49 26 45
49 27 64
49 28 45
49 29 36
49 30 45
49 31 58
49 32 85
49 33 40
49 34 38
49 35 46
49 36 26
49 37 65
49 38 26
49 39 30
49 40 58
49 41 21
49 42 35
49 43 88
49 44 73
49 45 58
49 46 27
49 47 26
49 48 92
49 49 0
49 50 31
49 51 45
49 52 85
49 53 20
49 54 42
49 55 53
49 56 16
49 57 98
49 58 39
49 59 86
50 0 13
50 1 6
50 2 36
50 3 60
50 4 19
50 5 60
50 6 83
50 7 37
50 8 98
50 9 65
50 10 17
50 11 47
50 12 9
50 13 4
50 14 81
50 15 43
50 16 82
50 17 10
50 18 16
50 19 94
50 20 47
50 21 16
50 22 2
50 23 69
50 24 4
50 25 58
50 26 56
50 27 17
50 28 65
50 29 93
50 30 99
50 31 13
50 32 12
50 33 9
50 34 8
50 35 99
50 36 41
50 37 34
50 38 81
50 39 17
50 40 89
50 41 30
50 42 18
50 43 84
50 44 73
50 45 55
50 46 63
50 47 3
50 48 73
50 49 36
50 50 0
50 51 81
50 52 76
50 53 35
50 54 30
50 55 71
50 56 75
50 57 30
50 58 56
50 59 91
51 0 39
51 1 46
51 2 72
51 3 7
51 4 37
51 5 57
51 6 14
51 7 26
51 8 20
51 9 71
51 10 73
51 11 10
51 12 12
51 13 52
51 14 50
51 15 4
51 16 78
51 17 6
51 18 68
51 19 91
51 20 4
51 21 16
51 22 46
51 23 87
51 24 88
51 25 56
51 26 85
51 27 52
51 28 60
51 29 28
51 30 61
51 31 90
51 32 59
51 33 40
51 34 10
51 35 95
51 36 62
51 37 7
51 38 78
51 39 85
51 40 62
51 41 57
51 42 76
51 43 50
51 44 72
51 45 22
51 46 42
51 47 77
51 48 85
51 49 71
51 50 4
51 51 0
51 52 93
51 53 82
51 54 44
51 55 6
51 56 26
51 57 29
51 58 94
51 59 13
52 0 14
52 1 74
52 2 97
52 3 11
52 4 12
52 5 93
52 6 89
52 7 60
52 8 88
52 9 27
52 10 17
52 11 56
52 12 85
52 13 83
52 14 88
52 15 36
52 16 60
52 17 61
52 18 7
52 19 5
52 20 93
52 21 5
52 22 34
52 23 39
52 24 58
52 25 17
52 26 38
52 27 63
52 28 3
52 29 12
52 30 70
52 31 40
52 32 45
52 33 93
52 34 53
52 35 91
52 36 52
52 37 75
52 38 16
52 39 85
52 40 84
52 41 93
52 42 60
52 43 56
52 44 22
52 45 43
52 46 40
52 47 49
52 48 18
52 49 37
52 50 25
52 51 3
52 52 0
52 53 79
52 54 82
52 55 30
52 56 54
52 57 58
52 58 32
52 59 50
53 0 12
53 1 18
53 2 50
53 3 97
53 4 97
53 5 15
53 6 94
53 7 17
53 8 37
53 9 25
53 10 77
53 11 36
53 12 53
53 13 72
53 14 47
53 15 50
53 16 74
53 17 10
53 18 20
53 19 29
53 20 49
53 21 56
53 22 44
53 23 86
53 24 46
53 25 86
53 26 92
53 27 54
53 28 55
53 29 61
53 30 84
53 31 23
53 32 90
53 33 15
53 34 83
53 35 45
53 36 8
53 37 3
53 38 69
53 39 38
53 40 41
53 41 20
53 42 30
53 43 23
53 44 41
53 45 3
53 46 47
53 47 9
53 48 59
53 49 55
53 50 24
53 51 9
53 52 58
53 53 0
53 54 38
53 55 78
53 56 94
53 57 11
53 58 1
53 59 89
54 0 14
54 1 44
54 2 70
54 3 97
54 4 45
54 5 97
54 6 89
54 7 62
54 8 60
54 9 17
54 10 96
54 11 52
54 12 19
54 13 58
54 14 57
54 15 32
54 16 24
54 17 17
54 18 90
54 19 33
54 20 23
54 21 31
54 22 72
54 23 88
54 24 24
54 25 11
54 26 75
54 27 21
54 28 69
54 29 14
54 30 25
54 31 63
54 32 52
54 33 16
54 34 63
54 35 54
54 36 94
54 37 79
54 38 11
54 39 83
54 40 90
54 41 98
54 42 56
54 43 55
54 44 25
54 45 81
54 46 2
54 47 12
54 48 68
54 49 87
54 50 50
54 51 5
54 52 14
54 53 53
54 54 0
54 55 59
54 56 96
54 57 79
54 58 88
54 59 46
55 0 41
55 1 64
55 2 36
55 3 9
55 4 83
55 5 28
55 6 91
55 7 46
55 8 42
55 9 85
55 10 19
55 11 59
55 12 15
55 13 68
55 14 12
55 15 75
55 16 82
55 17 58
55 18 86
55 19 60
55 20 48
55 21 22
55 22 11
55 23 41
55 24 54
55 25 75
55 26 40
55 27 37
55 28 49
55 29 58
55 30 3
55 31 85
55 32 24
55 33 30
55 34 15
55 35 10
55 36 5
55 37 38
55 38 4
55 39 51
55 40 34
55 41 27
55 42 54
55 43 89
55 44 89
55 45 79
55 46 20
55 47 27
55 48 90
55 49 79
55 50 58
55 51 34
55 52 23
55 53 14
55 54 85
55 55 0
55 56 38
55 57 24
55 58 81
55 59 41
56 0 18
56 1 3
56 2 63
56 3 27
56 4 67
56 5 35
56 6 93
56 7 3
56 8 2
56 9 13
56 10 88
56 11 96
56 12 98
56 13 31
56 14 70
56 15 92
56 16 45
56 17 89
56 18 97
56 19 9
56 20 81
56 21 55
56 22 41
56 23 79
56 24 15
56 25 64
56 26 48
56 27 39
56 28 85
56 29 62
56 30 30
56 31 88
56 32 15
56 33 1
56 34 74
56 35 74
56 36 52
56 37 12
56 38 12
56 39 20
56 40 60
56 41 24
56 42 5
56 43 49
56 44 56
56 45 70
56 46 62
56 47 91
56 48 73
56 49 38
56 50 85
56 51 2
56 52 40
56 53 24
56 54 66
56 55 18
56 56 0
56 57 92
56 58 74
56 59 57
57 0 18
57 1 33
57 2 24
57 3 83
57 4 29
57 5 21
57 6 12
57 7 89
57 8 54
57 9 15
57 10 40
57 11 84
57 12 75
57 13 84
57 14 88
57 15 34
57 16 32
57 17 93
57 18 93
57 19 55
57 20 31
57 21 32
57 22 58
57 23 91
57 24 41
57 25 79
57 26 30
57 27 67
57 28 77
57 29 15
57 30 78
57 31 42
57 32 83
57 33 79
57 34 32
57 35 54
57 36 26
57 37 55
57 38 16
57 39 2
57 40 77
57 41 43
57 42 43
57 43 61
57 44 74
57 45 2
57 46 99
57 47 48
57 48 81
57 49 12
57 50 29
57 51 55
57 52 3
57 53 6
57 54 69
57 55 98
57 56 2
57 57 0
57 58 25
57 59 89
58 0 71
58 1 78
58 2 25
58 3 47
58 4 36
58 5 47
58 6 52
58 7 3
58 8 87
58 9 84
58 10 77
58 11 71
58 12 83
58 13 5
58 14 97
58 15 27
58 16 66
58 17 28
58 18 46
58 19 95
58 20 25
58 21 87
58 22 28
58 23 5
58 24 57
58 25 42
58 26 76
58 27 24
58 28 82
58 29 16
58 30 88
58 31 8
58 32 44
58 33 36
58 34 49
58 35 78
58 36 13
58 37 48
58 38 17
58 39 9
58 40 76
58 41 30
58 42 58
58 43 66
58 44 62
58 45 6
58 46 21
58 47 56
58 48 84
58 49 10
58 50 64
58 51 59
58 52 50
58 53 59
58 54 20
58 55 68
58 56 49
58 57 17
58 58 0
58 59 63
59 0 83
59 1 66
59 2 60
59 3 71
59 4 80
59 5 62
59 6 73
59 7 26
59 8 53
59 9 17
59 10 8
59 11 61
59 12 7
59 13 41
59 14 83
59 15 54
59 16 30
59 17 67
59 18 90
59 19 37
59 20 46
59 21 12
59 22 29
59 23 39
59 24 37
59 25 88
59 26 28
59 27 36
59 28 91
59 29 77
59 30 62
59 31 54
59 32 3
59 33 63
59 34 31
59 35 38
59 36 11
59 37 67
59 38 6
59 39 82
59 40 85
59 41 22
59 42 73
59 43 81
59 44 66
59 45 99
59 46 27
59 47 41
59 48 1
59 49 36
59 50 38
59 51 58
59 52 40
59 53 2
59 54 22
59 55 90
59 56 99
59 57 5
59 58 78
59 59 0
